Soil types. 5 classes
3
X_km
Y_km
Class ID
-4.380992126e+01 -7.263858795e+01 1.000000000e+00 
5.268099785e+00 3.837844086e+01 1.000000000e+00 
-4.422584915e+01 -6.895964050e+01 1.000000000e+00 
8.186681747e+00 3.870125961e+01 1.000000000e+00 
7.441747189e+00 3.821384811e+01 1.000000000e+00 
-4.467998886e+01 -6.961966705e+01 1.000000000e+00 
-3.974827957e+01 -7.029641724e+01 1.000000000e+00 
-3.188484001e+01 -7.413902283e+01 1.000000000e+00 
1.262423992e+01 5.908279037e+01 1.000000000e+00 
6.157341003e+01 7.743422985e+00 1.000000000e+00 
-1.212120056e+00 3.044087029e+01 1.000000000e+00 
6.098403931e+01 -7.149804115e+00 1.000000000e+00 
1.400452995e+01 6.039561844e+01 1.000000000e+00 
-3.531544113e+01 -7.375583649e+01 1.000000000e+00 
6.852805328e+01 1.811067009e+01 1.000000000e+00 
2.241435051e+01 5.402653885e+01 1.000000000e+00 
5.796599960e+01 -2.884327888e+00 1.000000000e+00 
2.350934982e+01 5.290739822e+01 1.000000000e+00 
6.635949707e+01 -4.232286835e+01 1.000000000e+00 
5.994326019e+01 -3.261075020e+00 1.000000000e+00 
-1.982740021e+01 -7.229904175e+01 1.000000000e+00 
-4.319976044e+01 -6.569947815e+01 1.000000000e+00 
6.696717834e+01 -4.011891937e+01 1.000000000e+00 
-4.751211166e+01 -6.210940170e+01 1.000000000e+00 
-3.267095089e+00 3.034228086e+00 1.000000000e+00 
6.369546890e+01 -2.139252090e+01 1.000000000e+00 
-3.156068993e+01 -7.089301300e+01 1.000000000e+00 
-8.941739798e-01 1.621191025e+00 1.000000000e+00 
5.810921860e+01 -2.406197929e+01 1.000000000e+00 
7.092125702e+01 -3.327455139e+01 1.000000000e+00 
-7.564781904e-01 -1.030051041e+01 1.000000000e+00 
-1.939314008e-01 -9.853539467e+00 1.000000000e+00 
-1.535308957e+00 1.125243977e-01 1.000000000e+00 
-1.044651985e+01 4.568008900e+00 1.000000000e+00 
-3.705171967e+01 -6.693256378e+01 1.000000000e+00 
-6.590316010e+01 2.929686928e+01 1.000000000e+00 
-2.122084999e+01 2.238307953e+01 1.000000000e+00 
-1.192346001e+01 -6.105115891e+01 1.000000000e+00 
-9.942870140e+00 -6.242393875e+01 1.000000000e+00 
-1.977504921e+01 -4.687268829e+01 1.000000000e+00 
-1.809724045e+01 -4.752804947e+01 1.000000000e+00 
-1.274872971e+01 -5.364754105e+01 1.000000000e+00 
-7.229472351e+01 2.778175926e+01 1.000000000e+00 
-3.613895035e+01 -5.793788147e+01 1.000000000e+00 
-1.349472046e+01 -4.910077095e+00 1.000000000e+00 
-1.464221001e+01 -4.240088940e+00 1.000000000e+00 
-1.179131031e+01 -1.921821976e+01 1.000000000e+00 
-2.542584991e+01 -5.642901993e+01 1.000000000e+00 
-1.178592014e+01 -2.151248932e+01 1.000000000e+00 
-1.932336998e+01 -5.410802841e+01 1.000000000e+00 
-1.589002991e+01 -4.537836838e+01 1.000000000e+00 
-2.890605927e+01 -4.950057983e+01 1.000000000e+00 
-1.084805965e+01 -7.689054012e+00 1.000000000e+00 
-9.247172356e+00 -1.289706993e+01 1.000000000e+00 
-2.778171921e+01 -4.751031876e+01 1.000000000e+00 
-1.631714058e+01 -2.802491903e+00 1.000000000e+00 
-9.600958824e+00 -1.040515041e+01 1.000000000e+00 
-2.794425011e+01 -4.596620941e+01 1.000000000e+00 
-1.676641083e+01 -2.527898979e+01 1.000000000e+00 
-1.136542988e+01 -1.060070992e+01 1.000000000e+00 
-1.614657021e+01 -3.153051949e+01 1.000000000e+00 
-1.919160080e+01 -8.033523560e+00 1.000000000e+00 
-1.500716972e+01 -1.214418983e+01 1.000000000e+00 
-3.335710144e+01 -6.305852127e+01 1.000000000e+00 
-1.327431011e+01 -1.485429955e+01 1.000000000e+00 
-8.837299347e+00 -1.449345970e+01 1.000000000e+00 
-3.341522980e+01 -6.011368942e+01 1.000000000e+00 
-1.778961945e+01 -4.207054901e+01 1.000000000e+00 
-2.430938911e+01 7.029832840e+00 1.000000000e+00 
-1.046417046e+01 -1.491073036e+01 1.000000000e+00 
-1.233646011e+01 -3.364215088e+01 1.000000000e+00 
-2.612096024e+01 -2.117615938e-01 1.000000000e+00 
-1.269851017e+01 -2.793519020e+01 1.000000000e+00 
-2.526637077e+01 -4.617214966e+01 1.000000000e+00 
-1.540091991e+01 -1.016497040e+01 1.000000000e+00 
-2.284918976e+01 -1.447292042e+01 1.000000000e+00 
-2.502837944e+01 -2.051044083e+01 1.000000000e+00 
-2.174448013e+01 -9.963285446e+00 1.000000000e+00 
-2.828643990e+01 1.859334946e+01 1.000000000e+00 
-2.370960999e+01 3.623373032e+00 1.000000000e+00 
-2.322763062e+01 -2.062862015e+01 1.000000000e+00 
-2.366461945e+01 -2.238073921e+01 1.000000000e+00 
-3.560842133e+01 1.121566963e+01 1.000000000e+00 
-4.757838058e+01 -4.507455826e+01 1.000000000e+00 
-2.125225067e+01 -7.113436222e+00 1.000000000e+00 
-3.005318069e+01 -1.214896011e+01 1.000000000e+00 
-2.494396019e+01 -1.020326996e+01 1.000000000e+00 
-3.293861008e+01 -5.087836075e+01 1.000000000e+00 
-1.584469032e+01 -3.539464951e+01 1.000000000e+00 
-2.621649933e+01 -1.911447906e+01 1.000000000e+00 
-3.867192078e+01 -5.091952896e+01 1.000000000e+00 
-2.757259941e+01 -2.954970932e+01 1.000000000e+00 
-7.232971191e+01 1.928816032e+01 1.000000000e+00 
-3.746147919e+01 3.667790890e+00 1.000000000e+00 
-2.768741035e+01 -1.222961044e+01 1.000000000e+00 
-3.617810822e+01 6.443966866e+00 1.000000000e+00 
-2.393979073e+01 -5.204216003e+00 1.000000000e+00 
-3.711437988e+01 -1.171699047e+01 1.000000000e+00 
-7.887383270e+01 2.849482918e+01 1.000000000e+00 
-6.370598984e+01 1.013381004e+01 1.000000000e+00 
-3.499316025e+01 -4.323564911e+01 1.000000000e+00 
-5.945753098e+01 -3.255314112e+00 1.000000000e+00 
-2.986021042e+01 -4.118125916e+01 1.000000000e+00 
-4.072544098e+01 -1.359659958e+01 1.000000000e+00 
-3.310282898e+01 -1.427563953e+01 1.000000000e+00 
-3.133996964e+01 4.577645779e+00 1.000000000e+00 
-3.132088089e+01 -2.341000938e+01 1.000000000e+00 
-5.184595871e+01 -4.965373993e+01 1.000000000e+00 
-3.382294083e+01 6.089698076e-01 1.000000000e+00 
-3.873019028e+01 -3.341820955e+00 1.000000000e+00 
-2.637290955e+01 -7.746504784e+00 1.000000000e+00 
-3.137689018e+01 -2.681034088e+01 1.000000000e+00 
-3.683798981e+01 -1.503493977e+01 1.000000000e+00 
-3.822903061e+01 -4.846080017e+01 1.000000000e+00 
-3.209133148e+01 -3.597832870e+01 1.000000000e+00 
-3.383763123e+01 -1.166022015e+01 1.000000000e+00 
-6.203321075e+01 1.031647968e+01 1.000000000e+00 
-4.111106110e+01 -2.093438911e+01 1.000000000e+00 
-4.302523041e+01 -2.794454002e+01 1.000000000e+00 
-3.355661011e+01 -4.361855030e+00 1.000000000e+00 
-4.218022156e+01 -3.874309921e+01 1.000000000e+00 
-4.282384872e+01 -8.467620850e+00 1.000000000e+00 
-4.360232925e+01 -2.159285927e+01 1.000000000e+00 
-4.585324860e+01 -2.730319023e+01 1.000000000e+00 
-3.757994080e+01 -6.505249977e+00 1.000000000e+00 
-4.088241959e+01 -3.471292114e+01 1.000000000e+00 
-5.377682114e+01 -3.115844917e+01 1.000000000e+00 
-4.753844833e+01 -3.103326988e+01 1.000000000e+00 
-6.202684021e+01 8.221062660e+00 1.000000000e+00 
-4.117734909e+01 -2.935926056e+01 1.000000000e+00 
-5.663240051e+01 -1.777146912e+01 1.000000000e+00 
-4.230062866e+01 -2.447567940e+01 1.000000000e+00 
-5.599903870e+01 -1.377560997e+01 1.000000000e+00 
-4.106103897e+01 -2.468737030e+01 1.000000000e+00 
5.739730072e+01 3.786116028e+01 2.000000000e+00 
6.198104858e+01 2.833997917e+01 2.000000000e+00 
6.012668991e+01 4.011312103e+01 2.000000000e+00 
6.410397339e+01 4.009592056e+01 2.000000000e+00 
6.695160675e+01 3.465047073e+01 2.000000000e+00 
4.256961060e+01 2.124484062e+01 2.000000000e+00 
5.755014038e+01 5.483309937e+01 2.000000000e+00 
5.383057022e+01 1.741596031e+01 2.000000000e+00 
5.083428955e+01 2.787981033e+01 2.000000000e+00 
5.519868088e+01 1.943860054e+01 2.000000000e+00 
5.380699921e+01 3.356948853e+01 2.000000000e+00 
5.874124908e+01 4.908427048e+01 2.000000000e+00 
5.662369156e+01 4.576971817e+01 2.000000000e+00 
6.384268951e+01 2.403396988e+01 2.000000000e+00 
5.899798965e+01 2.396228027e+01 2.000000000e+00 
-8.102485657e+00 2.290687943e+01 3.000000000e+00 
-9.902112961e+00 3.456056976e+01 3.000000000e+00 
-8.493092537e+00 3.456312943e+01 3.000000000e+00 
-6.122278214e+00 4.843647003e+01 3.000000000e+00 
-8.058361053e+00 4.428190994e+01 3.000000000e+00 
-6.843013763e+00 4.454568100e+01 3.000000000e+00 
1.155440044e+01 1.261919975e+01 3.000000000e+00 
2.082032013e+01 6.297040939e+01 3.000000000e+00 
1.392121029e+01 1.593838978e+01 3.000000000e+00 
1.857283974e+01 6.726056671e+01 3.000000000e+00 
-5.315393925e+00 4.631251144e+01 3.000000000e+00 
9.447222710e+00 6.362870026e+01 3.000000000e+00 
-1.048834038e+01 4.372163010e+01 3.000000000e+00 
1.594324970e+01 6.397541046e+01 3.000000000e+00 
1.756516075e+01 6.054758835e+01 3.000000000e+00 
-1.421356964e+01 4.377848053e+01 3.000000000e+00 
3.934460068e+01 7.649066162e+01 3.000000000e+00 
3.597378922e+01 7.135901642e+01 3.000000000e+00 
1.879175949e+01 6.251689148e+01 3.000000000e+00 
-1.091292024e+00 1.308335018e+01 3.000000000e+00 
-2.786727905e+00 1.337312031e+01 3.000000000e+00 
9.561091065e-01 1.993408966e+01 3.000000000e+00 
5.944261074e+00 1.372593021e+01 3.000000000e+00 
-1.723184013e+01 3.779882050e+01 3.000000000e+00 
2.426100922e+01 -5.092251968e+01 3.000000000e+00 
-1.539680004e+01 3.321239090e+01 3.000000000e+00 
-7.995361090e-01 1.773596954e+01 3.000000000e+00 
-2.106612015e+01 3.683929825e+01 3.000000000e+00 
-1.194674969e+01 2.205648041e+01 3.000000000e+00 
-1.747694016e+01 2.366044998e+01 3.000000000e+00 
-1.626689911e+01 2.999160957e+01 3.000000000e+00 
-1.008043957e+01 1.604438019e+01 3.000000000e+00 
2.382906914e+01 -3.254336929e+01 3.000000000e+00 
3.188434982e+01 -2.913215065e+01 3.000000000e+00 
2.915303040e+01 -5.006863022e+01 3.000000000e+00 
2.142313957e+01 -5.317367935e+01 3.000000000e+00 
-1.314371014e+01 2.441958046e+01 3.000000000e+00 
-9.324190140e+00 7.885896206e+00 3.000000000e+00 
-9.795045853e+00 9.721090317e+00 3.000000000e+00 
-1.556577015e+01 1.819573021e+01 3.000000000e+00 
3.804690933e+01 -4.710554886e+01 3.000000000e+00 
3.198693085e+01 -4.327779007e+01 3.000000000e+00 
-6.234030151e+01 4.168478012e+01 3.000000000e+00 
2.408354950e+01 -3.587094879e+01 3.000000000e+00 
2.335454941e+01 -4.316764832e+01 3.000000000e+00 
-6.903265381e+01 3.944477081e+01 3.000000000e+00 
-6.716880798e+01 3.924156952e+01 3.000000000e+00 
-2.263328934e+01 2.827895927e+01 3.000000000e+00 
1.463130951e+00 -4.758985138e+01 3.000000000e+00 
-6.997123718e+01 4.357682037e+01 3.000000000e+00 
2.218592072e+01 -2.421953964e+01 3.000000000e+00 
-6.989388275e+01 4.080290985e+01 3.000000000e+00 
2.497374916e+01 -3.533726883e+01 3.000000000e+00 
2.080812073e+01 -3.462054062e+01 3.000000000e+00 
1.419993973e+01 -5.053722000e+01 3.000000000e+00 
1.716041946e+01 -2.321311951e+01 3.000000000e+00 
1.606179047e+01 -2.794485092e+01 3.000000000e+00 
2.178751945e+01 -2.243604088e+01 3.000000000e+00 
1.007781029e+01 -2.402111053e+01 3.000000000e+00 
-7.201239777e+01 3.956657028e+01 3.000000000e+00 
-2.246701050e+01 2.607243919e+01 3.000000000e+00 
-7.323915863e+01 3.769079971e+01 3.000000000e+00 
-2.896055877e-01 -3.217029953e+01 3.000000000e+00 
4.637368917e-01 -3.048945999e+01 3.000000000e+00 
-7.594236755e+01 3.771522903e+01 3.000000000e+00 
1.242481041e+01 -3.702991104e+01 3.000000000e+00 
-6.945810699e+01 3.617990875e+01 3.000000000e+00 
1.327390957e+01 -2.234247017e+01 3.000000000e+00 
5.346941948e+00 -3.454870987e+01 3.000000000e+00 
-4.330207062e+01 2.473781967e+01 3.000000000e+00 
-6.355081940e+01 4.915716171e+01 3.000000000e+00 
-2.628762054e+01 3.570785141e+01 3.000000000e+00 
-7.223499298e+01 4.419932938e+01 3.000000000e+00 
-2.090398979e+01 1.662455940e+01 3.000000000e+00 
-6.507511139e+01 3.028191948e+01 3.000000000e+00 
-7.653468323e+01 3.672840118e+01 3.000000000e+00 
-7.421765137e+01 4.165644836e+01 3.000000000e+00 
-6.212350845e+01 4.479074097e+01 3.000000000e+00 
-6.332825089e+01 3.134476089e+01 3.000000000e+00 
-4.258337021e+01 2.289639091e+01 3.000000000e+00 
-7.515824890e+01 3.502379990e+01 3.000000000e+00 
-4.074700928e+01 2.278105927e+01 3.000000000e+00 
-4.348921967e+01 2.833745003e+01 3.000000000e+00 
-6.234030151e+01 4.168478012e+01 3.000000000e+00 
-2.949733925e+01 2.889365959e+01 3.000000000e+00 
-7.412281799e+01 4.590546036e+01 3.000000000e+00 
-4.484867096e+01 2.294245911e+01 3.000000000e+00 
-3.866664886e+01 2.137356949e+01 3.000000000e+00 
-3.183381081e+01 2.741843987e+01 3.000000000e+00 
-3.286297989e+01 1.439754963e+01 3.000000000e+00 
-2.519037056e+01 1.195629025e+01 3.000000000e+00 
-7.338699341e+01 4.657022095e+01 3.000000000e+00 
-3.438224030e+01 3.435646820e+01 3.000000000e+00 
-5.157332993e+01 2.368791962e+01 3.000000000e+00 
-5.487113190e+01 2.884351921e+01 3.000000000e+00 
-3.406045914e+01 3.888716125e+01 3.000000000e+00 
-3.990473938e+01 1.997102928e+01 3.000000000e+00 
-2.772294998e+01 1.194301987e+01 3.000000000e+00 
-2.647069931e+01 1.462876987e+01 3.000000000e+00 
-2.719211960e+01 1.462493038e+01 3.000000000e+00 
-4.181690979e+01 1.287819004e+01 3.000000000e+00 
-7.628449249e+01 3.181724930e+01 3.000000000e+00 
-2.747057915e+01 2.287056923e+01 3.000000000e+00 
-2.935932922e+01 1.190163994e+01 3.000000000e+00 
-5.424486160e+01 4.710503006e+01 3.000000000e+00 
-5.738069153e+01 -3.103090048e+00 3.000000000e+00 
-5.055677032e+01 1.968144035e+01 3.000000000e+00 
-2.568972015e+01 1.434187984e+01 3.000000000e+00 
-5.541289139e+01 5.347940826e+01 3.000000000e+00 
-5.424206924e+01 3.034539986e+01 3.000000000e+00 
-4.769049072e+01 -6.906902194e-01 3.000000000e+00 
-4.151836014e+01 2.937639058e-01 3.000000000e+00 
-3.138364029e+01 2.100185966e+01 3.000000000e+00 
-4.293669891e+01 1.622775078e+01 3.000000000e+00 
-3.131480026e+01 2.252463913e+01 3.000000000e+00 
-4.430550003e+01 1.137536049e+00 3.000000000e+00 
-5.205121994e+01 3.214433091e-03 3.000000000e+00 
-3.211371994e+01 2.226044083e+01 3.000000000e+00 
-4.785274887e+01 8.214073181e+00 3.000000000e+00 
-5.071950150e+01 9.488216043e-01 3.000000000e+00 
-4.373535156e+01 9.379698753e+00 3.000000000e+00 
-4.670674896e+01 2.208785057e+00 3.000000000e+00 
-3.568904114e+01 3.096437073e+01 3.000000000e+00 
-5.182332993e+01 1.569180012e+01 3.000000000e+00 
-4.192444992e+01 9.395068169e+00 3.000000000e+00 
-3.402349854e+01 2.464599991e+01 3.000000000e+00 
-4.837863922e+01 4.185482025e+00 3.000000000e+00 
-4.791487885e+01 4.994974136e+01 3.000000000e+00 
-4.624280930e+01 4.525445938e+01 3.000000000e+00 
-4.784561920e+01 4.468320084e+01 3.000000000e+00 
-5.154763031e+01 4.618453979e+01 3.000000000e+00 
1.990242958e+01 1.478748035e+01 4.000000000e+00 
2.746110916e+01 6.093098831e+01 4.000000000e+00 
1.447939968e+01 6.584616184e+00 4.000000000e+00 
1.547430992e+01 7.419363022e+00 4.000000000e+00 
1.377155972e+01 5.425411987e+01 4.000000000e+00 
4.290637970e+01 1.264414024e+01 4.000000000e+00 
3.491912079e+01 1.574005032e+01 4.000000000e+00 
2.722192001e+01 6.775025177e+01 4.000000000e+00 
2.645611954e+01 5.302373886e+01 4.000000000e+00 
2.022112083e+01 5.574134827e+01 4.000000000e+00 
2.571993065e+01 4.995632172e+00 4.000000000e+00 
1.370699978e+01 1.667155981e+00 4.000000000e+00 
2.704781914e+01 1.317292976e+01 4.000000000e+00 
2.596686935e+01 7.601340771e+00 4.000000000e+00 
2.618671989e+01 5.791500092e+01 4.000000000e+00 
2.794256973e+01 5.547592926e+01 4.000000000e+00 
6.383248901e+01 -3.944686890e+01 4.000000000e+00 
3.607944107e+01 1.440690041e+01 4.000000000e+00 
6.701828766e+01 -3.774874115e+01 4.000000000e+00 
6.413926697e+01 -3.055240059e+01 4.000000000e+00 
6.340209961e+01 -2.774873924e+01 4.000000000e+00 
7.088491058e+01 -4.263682938e+01 4.000000000e+00 
7.136329651e+01 -4.153900909e+01 4.000000000e+00 
6.032497025e+01 -2.961581039e+01 4.000000000e+00 
-9.240910530e+00 -6.836620331e+01 4.000000000e+00 
1.340499973e+01 4.191960907e+01 5.000000000e+00 
1.557011986e+01 3.865042877e+01 5.000000000e+00 
7.556094170e+00 2.293950081e+01 5.000000000e+00 
1.298143959e+01 4.489186859e+01 5.000000000e+00 
3.188507080e+01 3.245436096e+01 5.000000000e+00 
7.043830872e+01 8.207362175e+00 5.000000000e+00 
-4.095051765e+00 4.082662964e+01 5.000000000e+00 
-4.135873795e+00 4.304486847e+01 5.000000000e+00 
6.234973907e+00 6.037651062e+01 5.000000000e+00 
2.442950964e+00 2.803681946e+01 5.000000000e+00 
2.602499008e+01 4.173884964e+01 5.000000000e+00 
1.664992905e+01 3.346942902e+01 5.000000000e+00 
1.767107964e+01 3.450759888e+01 5.000000000e+00 
3.247150040e+01 4.464262009e+01 5.000000000e+00 
3.414579010e+01 3.989706039e+01 5.000000000e+00 
2.088050079e+01 3.452724838e+01 5.000000000e+00 
2.215188026e+01 3.439237976e+01 5.000000000e+00 
7.391606903e+01 3.305516052e+01 5.000000000e+00 
2.462763023e+01 3.646398926e+01 5.000000000e+00 
2.453647995e+01 3.379561996e+01 5.000000000e+00 
-6.080719233e-01 4.726247025e+01 5.000000000e+00 
5.991530895e+00 2.087001038e+01 5.000000000e+00 
3.625820160e+01 4.765752029e+01 5.000000000e+00 
1.800852013e+01 3.584165955e+01 5.000000000e+00 
1.838869095e+01 3.274832153e+01 5.000000000e+00 
1.894683075e+01 3.027453995e+01 5.000000000e+00 
5.491130066e+01 5.599276066e+00 5.000000000e+00 
6.769342041e+01 3.011864090e+01 5.000000000e+00 
7.893467712e+01 3.239418030e+01 5.000000000e+00 
-1.719866991e+00 2.797183037e+01 5.000000000e+00 
3.460229111e+01 3.503847885e+01 5.000000000e+00 
2.304904938e+01 4.668727112e+01 5.000000000e+00 
2.782328033e+01 2.659808922e+01 5.000000000e+00 
7.516773224e+01 3.433961105e+01 5.000000000e+00 
7.282584381e+01 1.578847980e+01 5.000000000e+00 
6.805149078e+01 4.223096848e+01 5.000000000e+00 
3.931261063e+00 5.696170044e+01 5.000000000e+00 
2.074128914e+01 4.836550140e+01 5.000000000e+00 
2.215200996e+01 4.786878967e+01 5.000000000e+00 
1.936111069e+01 3.124819946e+01 5.000000000e+00 
4.182701111e+00 2.835960960e+01 5.000000000e+00 
4.003340149e+01 6.672805786e+00 5.000000000e+00 
2.322254944e+01 3.744787979e+01 5.000000000e+00 
3.423337936e+01 3.836343002e+01 5.000000000e+00 
7.249709320e+01 3.509439087e+01 5.000000000e+00 
7.785771942e+01 1.077418995e+01 5.000000000e+00 
5.648157883e+01 1.376918030e+01 5.000000000e+00 
5.504191971e+01 1.223602962e+01 5.000000000e+00 
-6.535645008e+00 3.420775986e+01 5.000000000e+00 
7.124333954e+01 3.781692886e+01 5.000000000e+00 
9.208247066e-01 3.962044144e+01 5.000000000e+00 
7.311720848e+00 5.685906982e+01 5.000000000e+00 
6.675593853e-01 5.096186066e+01 5.000000000e+00 
3.375966072e+00 2.009518051e+01 5.000000000e+00 
4.540409088e+01 4.374364853e+00 5.000000000e+00 
4.757904053e+01 1.015019989e+01 5.000000000e+00 
4.809877014e+01 1.563177013e+01 5.000000000e+00 
1.897979927e+01 4.961671066e+01 5.000000000e+00 
5.060224915e+01 6.706204891e+00 5.000000000e+00 
-7.829427719e-02 4.040287018e+01 5.000000000e+00 
1.909896088e+01 1.879891014e+01 5.000000000e+00 
2.878709984e+01 2.772751999e+01 5.000000000e+00 
5.708316040e+01 1.524765968e+01 5.000000000e+00 
3.739601898e+01 6.882943213e-02 5.000000000e+00 
2.085629082e+01 1.921139908e+01 5.000000000e+00 
3.228279114e+01 5.954513073e+00 5.000000000e+00 
1.855990982e+01 4.749076843e+01 5.000000000e+00 
1.690442085e+01 4.527294922e+01 5.000000000e+00 
2.105480957e+01 1.321246028e+00 5.000000000e+00 
-1.350044966e+00 3.411415863e+01 5.000000000e+00 
1.684777069e+01 4.589466858e+01 5.000000000e+00 
6.115560913e+01 1.665353012e+01 5.000000000e+00 
3.956137085e+01 -1.391770005e+00 5.000000000e+00 
6.923623657e+01 3.856108093e+01 5.000000000e+00 
3.503256989e+01 1.210551977e+00 5.000000000e+00 
6.644310760e+01 4.977981091e+00 5.000000000e+00 
7.516391754e+01 2.485143089e+01 5.000000000e+00 
3.493204117e+01 6.356485844e+00 5.000000000e+00 
5.599277115e+01 -3.911817074e-01 5.000000000e+00 
7.505394745e+01 -8.685015678e+00 5.000000000e+00 
1.055513978e+00 2.888191032e+01 5.000000000e+00 
2.994828987e+01 -4.590462148e-01 5.000000000e+00 
3.699272156e+01 3.381787062e+00 5.000000000e+00 
3.301433945e+01 3.462620926e+01 5.000000000e+00 
3.308703995e+01 4.277510071e+01 5.000000000e+00 
4.265451813e+01 -3.277466059e+00 5.000000000e+00 
3.136157036e+01 1.780959964e+00 5.000000000e+00 
6.255051041e+01 1.747761917e+01 5.000000000e+00 
6.624684143e+01 -6.961564064e+00 5.000000000e+00 
4.379740143e+01 -1.426833034e+00 5.000000000e+00 
4.909469986e+01 -4.201259136e+00 5.000000000e+00 
5.635737991e+01 -4.277350903e+00 5.000000000e+00 
9.237993240e+00 3.155083895e+00 5.000000000e+00 
2.431588936e+01 2.859511948e+01 5.000000000e+00 
2.980170059e+01 1.019829035e+00 5.000000000e+00 
3.271878052e+01 -1.376136971e+01 5.000000000e+00 
3.775460815e+01 4.836639023e+01 5.000000000e+00 
3.946950150e+01 -5.686231136e+00 5.000000000e+00 
2.546612930e+01 -6.717382908e+00 5.000000000e+00 
3.914384842e+01 2.401463032e+00 5.000000000e+00 
5.826472092e+01 -3.893569946e+01 5.000000000e+00 
3.728575897e+01 -4.292458057e+00 5.000000000e+00 
2.372603035e+01 -5.299243927e+00 5.000000000e+00 
1.941456032e+01 -5.568870068e+00 5.000000000e+00 
4.491910934e+01 -3.876696014e+01 5.000000000e+00 
4.861447144e+01 6.436521053e+00 5.000000000e+00 
3.392314911e+01 2.714459991e+01 5.000000000e+00 
1.782695961e+01 -9.820345879e+00 5.000000000e+00 
2.454031944e+01 -1.349145031e+01 5.000000000e+00 
2.938573074e+01 4.678480911e+01 5.000000000e+00 
2.498958015e+01 -1.275891972e+01 5.000000000e+00 
7.515457153e+01 -2.527359962e+01 5.000000000e+00 
6.172599030e+01 -9.943391800e+00 5.000000000e+00 
6.773961639e+01 -2.147825050e+01 5.000000000e+00 
5.252273178e+01 -3.653134918e+01 5.000000000e+00 
2.873259926e+01 -1.593924999e+01 5.000000000e+00 
3.276612091e+01 2.351931953e+01 5.000000000e+00 
2.532686043e+01 -1.509232998e+01 5.000000000e+00 
6.952472687e+01 -1.838021088e+01 5.000000000e+00 
3.571286011e+01 -4.281050205e+00 5.000000000e+00 
2.150148010e+01 -3.366010904e+00 5.000000000e+00 
5.187250137e+01 -3.968793106e+01 5.000000000e+00 
1.331494045e+01 -1.418420029e+01 5.000000000e+00 
4.536005020e+01 -1.558312988e+01 5.000000000e+00 
2.162149048e+01 -2.500933886e+00 5.000000000e+00 
4.986093903e+01 -2.476719093e+01 5.000000000e+00 
2.356241035e+01 -1.533767986e+01 5.000000000e+00 
2.114508057e+01 -1.414673042e+01 5.000000000e+00 
7.230832672e+01 -2.682111931e+01 5.000000000e+00 
6.459413910e+01 -2.525474930e+01 5.000000000e+00 
6.648538208e+01 -1.827473068e+01 5.000000000e+00 
7.500895691e+01 -1.820326996e+01 5.000000000e+00 
6.744040680e+01 -1.927489090e+01 5.000000000e+00 
4.490560913e+01 -2.519702911e+01 5.000000000e+00 
6.647470093e+01 -1.029308033e+01 5.000000000e+00 
4.614115143e+01 -3.383971024e+01 5.000000000e+00 
3.082831001e+01 -1.228069973e+01 5.000000000e+00 
4.354288864e+01 -1.732229996e+01 5.000000000e+00 
2.135351944e+01 -1.526556015e+01 5.000000000e+00 
1.347362041e+01 -1.287465954e+01 5.000000000e+00 
4.504233932e+01 -1.644158936e+01 5.000000000e+00 
9.368160248e+00 -1.040470982e+01 5.000000000e+00 
5.925098038e+01 -1.253549004e+01 5.000000000e+00 
5.216809082e+01 -3.168121910e+01 5.000000000e+00 
4.111502838e+01 -2.519762993e+01 5.000000000e+00 
5.348741913e+01 -2.388335037e+01 5.000000000e+00 
4.674345016e+01 -2.515130043e+01 5.000000000e+00 
4.010659027e+01 -1.828157997e+01 5.000000000e+00 
6.656321716e+01 -9.462121010e+00 5.000000000e+00 
3.357329941e+01 -1.928476906e+01 5.000000000e+00 
2.885634995e+01 -2.139060974e+01 5.000000000e+00 
1.839061928e+01 -1.477499008e+01 5.000000000e+00 
4.579737091e+01 -1.437535000e+01 5.000000000e+00 
4.440150833e+01 -2.315830994e+01 5.000000000e+00 
3.616392136e+01 -3.055760002e+01 5.000000000e+00 
4.941629028e+01 -2.867028046e+01 5.000000000e+00 
1.791453934e+01 -1.789949989e+01 5.000000000e+00 
5.020103836e+01 -1.202212048e+01 5.000000000e+00 
4.627616119e+01 -1.287835026e+01 5.000000000e+00 
1.062607002e+01 -1.171780968e+01 5.000000000e+00 
4.745579910e+01 -1.936577034e+01 5.000000000e+00 
4.345655918e+00 -9.182052612e+00 5.000000000e+00 
4.861296082e+01 -9.832295418e+00 5.000000000e+00 
1.346420002e+01 -1.638660049e+01 5.000000000e+00 
3.073909950e+01 -2.365951920e+01 5.000000000e+00 
3.168544960e+01 -2.697125053e+01 5.000000000e+00 
1.234342003e+01 -1.517059994e+01 5.000000000e+00 
3.465108871e+01 -2.584734917e+01 5.000000000e+00 
4.663125992e+01 -1.013255024e+01 5.000000000e+00 
3.419733047e+01 -2.431815910e+01 5.000000000e+00 
1.856065941e+01 -2.118238068e+01 5.000000000e+00 
2.508262062e+01 -2.130607986e+01 5.000000000e+00 
1.456476974e+01 -1.760000992e+01 5.000000000e+00 
1.588239956e+01 -1.744557953e+01 5.000000000e+00 
4.994984818e+01 -1.390316963e+01 5.000000000e+00 
4.361803055e+00 -1.298635006e+01 5.000000000e+00 
9.461323738e+00 -1.241839981e+01 5.000000000e+00 
4.896110153e+01 -1.590449047e+01 5.000000000e+00 
-3.842561007e+00 -7.550000191e+00 5.000000000e+00 
1.589142036e+01 -2.072683907e+01 5.000000000e+00 
-1.039060974e+01 -5.021427917e+01 5.000000000e+00 
-3.880192995e+00 -8.862198830e+00 5.000000000e+00 
-3.863085032e+00 -3.103031921e+01 5.000000000e+00 
-8.699322701e+00 -2.697381020e+01 5.000000000e+00 
-3.850349039e-02 -2.585424995e+01 5.000000000e+00 
-9.331452370e+00 -4.046995163e+01 5.000000000e+00 
1.355561018e+00 -1.809040070e+01 5.000000000e+00 
-1.218192005e+01 -4.167483902e+01 5.000000000e+00 
-1.163698959e+01 -3.560417938e+01 5.000000000e+00 
3.843125153e+01 -2.460397911e+01 5.000000000e+00 
-3.575609922e+00 -2.795306969e+01 5.000000000e+00 
-8.699322701e+00 -2.697381020e+01 5.000000000e+00 
-4.821132183e+00 -1.898403931e+01 5.000000000e+00 
-2.126270980e-01 -2.753832054e+01 5.000000000e+00 
-8.699322701e+00 -2.697381020e+01 5.000000000e+00 
1.710330963e+01 5.188375854e+01 1.000000000e+00 
8.099548340e+00 4.545838928e+01 1.000000000e+00 
1.500152969e+01 5.169361115e+01 1.000000000e+00 
6.054336929e+01 1.114004993e+01 1.000000000e+00 
-3.343053818e+01 -7.779342651e+01 1.000000000e+00 
5.903474045e+01 -2.865132093e+00 1.000000000e+00 
1.157849026e+01 5.747661972e+01 1.000000000e+00 
2.030717087e+01 5.269071960e+01 1.000000000e+00 
6.845744324e+01 -3.833710098e+01 1.000000000e+00 
-3.458906174e+01 -7.081961823e+01 1.000000000e+00 
7.571659088e+01 -2.649010086e+01 1.000000000e+00 
5.688682938e+01 -8.990988731e+00 1.000000000e+00 
-2.421866989e+01 -7.141349792e+01 1.000000000e+00 
5.724917984e+01 -2.653116989e+01 1.000000000e+00 
5.586056900e+01 -2.965918922e+01 1.000000000e+00 
-4.328464890e+01 -6.034643173e+01 1.000000000e+00 
-1.741604996e+01 -7.160283661e+01 1.000000000e+00 
-4.124468994e+01 -6.549555206e+01 1.000000000e+00 
5.903432083e+01 -1.119081974e+01 1.000000000e+00 
7.283779907e+01 -3.029075050e+01 1.000000000e+00 
5.488811111e+01 -1.079162025e+01 1.000000000e+00 
-4.891537094e+01 -5.801615143e+01 1.000000000e+00 
-1.730003929e+01 6.254855156e+00 1.000000000e+00 
-1.813075066e+01 4.577888012e+00 1.000000000e+00 
-7.009475708e+01 2.417793083e+01 1.000000000e+00 
-1.717185020e+01 8.636496544e+00 1.000000000e+00 
-1.421189022e+01 1.473001957e+00 1.000000000e+00 
-1.418391991e+01 -6.956333923e+01 1.000000000e+00 
-1.351422977e+01 -6.909313965e+01 1.000000000e+00 
-1.285494041e+01 -4.523788929e+00 1.000000000e+00 
-1.503738022e+01 -5.986837006e+01 1.000000000e+00 
-1.590379047e+01 -4.532501221e+00 1.000000000e+00 
-2.971422958e+01 -5.274468994e+01 1.000000000e+00 
-5.948018074e+00 -1.586056042e+01 1.000000000e+00 
-1.341504002e+01 -2.014636040e+01 1.000000000e+00 
-2.040024948e+01 -3.043544960e+01 1.000000000e+00 
-1.506501007e+01 -1.868631935e+01 1.000000000e+00 
-1.736610031e+01 -6.397927094e+01 1.000000000e+00 
-3.437300873e+01 -5.491165161e+01 1.000000000e+00 
-2.135198975e+01 -6.076855850e+01 1.000000000e+00 
-2.846850014e+01 -6.208893967e+01 1.000000000e+00 
-1.199090004e+01 -1.670062065e+01 1.000000000e+00 
-2.972089005e+01 -6.131352997e+01 1.000000000e+00 
-2.153743935e+01 9.684637070e+00 1.000000000e+00 
-2.894928932e+01 -4.537350845e+01 1.000000000e+00 
-6.141601086e+00 -1.595662022e+01 1.000000000e+00 
-2.279895020e+01 4.430635929e+00 1.000000000e+00 
-1.075718021e+01 -2.284646988e+01 1.000000000e+00 
-3.606554031e+01 1.521555996e+01 1.000000000e+00 
-2.587582016e+01 -2.134119034e+01 1.000000000e+00 
-3.661849976e+01 -4.756735992e+01 1.000000000e+00 
-1.888898087e+01 -2.137466049e+01 1.000000000e+00 
-3.508042145e+01 5.325406075e+00 1.000000000e+00 
-2.032788086e+01 -1.014966965e+01 1.000000000e+00 
-2.396319008e+01 -6.878978729e+01 1.000000000e+00 
-2.940938950e+01 -2.276166916e+01 1.000000000e+00 
-2.437438011e+01 -1.964706039e+01 1.000000000e+00 
-4.665715027e+01 -5.293833923e+01 1.000000000e+00 
-2.451719093e+01 -1.419359970e+01 1.000000000e+00 
-2.458931923e+01 -2.715369034e+01 1.000000000e+00 
-3.241329956e+01 2.063257933e+00 1.000000000e+00 
-2.472447014e+01 -7.546141148e+00 1.000000000e+00 
-2.482268906e+01 -1.512092972e+01 1.000000000e+00 
-3.622547913e+01 -1.665896034e+01 1.000000000e+00 
-2.571528053e+01 -1.869642067e+01 1.000000000e+00 
-3.464073944e+01 -7.667835236e+00 1.000000000e+00 
-3.354714966e+01 6.430292130e-02 1.000000000e+00 
-5.647966003e+01 -3.766743898e+00 1.000000000e+00 
-4.091984940e+01 -4.192253113e+01 1.000000000e+00 
-3.588174057e+01 -2.407519913e+01 1.000000000e+00 
-5.380900955e+01 -4.665738106e+00 1.000000000e+00 
-3.542089081e+01 -4.270180130e+01 1.000000000e+00 
-4.776860046e+01 -8.833350182e+00 1.000000000e+00 
-4.971854019e+01 -4.102362061e+01 1.000000000e+00 
-3.673773956e+01 -2.203742981e+00 1.000000000e+00 
-4.235422134e+01 -1.124557018e+01 1.000000000e+00 
-3.789113998e+01 -9.003480911e+00 1.000000000e+00 
-4.078276062e+01 -2.322327042e+01 1.000000000e+00 
-4.927227020e+01 -7.854318142e+00 1.000000000e+00 
-6.337361908e+01 1.313815975e+01 1.000000000e+00 
-5.030432892e+01 -1.719429016e+01 1.000000000e+00 
-4.209347916e+01 -2.380620956e+01 1.000000000e+00 
-4.755889893e+01 -1.049347019e+01 1.000000000e+00 
-3.692353821e+01 -3.493592072e+01 1.000000000e+00 
-4.167026138e+01 -3.281892014e+01 1.000000000e+00 
-4.977207184e+01 -1.616803932e+01 1.000000000e+00 
-4.281731033e+01 -2.059799957e+01 1.000000000e+00 
-4.166588974e+01 -2.637734985e+01 1.000000000e+00 
-4.166588974e+01 -2.637734985e+01 1.000000000e+00 
-5.111508942e+01 -1.366044044e+01 1.000000000e+00 
-5.028446960e+01 -3.650833893e+01 1.000000000e+00 
4.811725998e+01 3.610021973e+01 2.000000000e+00 
4.801136017e+01 4.144890976e+01 2.000000000e+00 
5.991712952e+01 2.735905075e+01 2.000000000e+00 
6.229547882e+01 2.052124023e+01 2.000000000e+00 
5.368447876e+01 5.162931061e+01 2.000000000e+00 
5.573043060e+01 3.410099030e+01 2.000000000e+00 
6.364007187e+01 4.529484177e+01 2.000000000e+00 
6.437303925e+01 2.581052017e+01 2.000000000e+00 
4.155603027e+01 4.049459839e+01 2.000000000e+00 
5.098619843e+01 3.132102966e+01 2.000000000e+00 
5.727017975e+01 2.489100075e+01 2.000000000e+00 
4.158024979e+01 1.724090004e+01 2.000000000e+00 
5.405517960e+01 1.469943047e+01 2.000000000e+00 
4.628720856e+01 3.934363174e+01 2.000000000e+00 
-6.781040192e+00 4.209476089e+01 3.000000000e+00 
1.218294978e+00 5.512622070e+01 3.000000000e+00 
-5.723427773e+00 2.553549957e+01 3.000000000e+00 
-5.942557812e+00 4.568981934e+01 3.000000000e+00 
-9.966968536e+00 3.775244904e+01 3.000000000e+00 
-7.453073978e+00 1.944318962e+01 3.000000000e+00 
1.218294978e+00 5.512622070e+01 3.000000000e+00 
5.667950058e+01 5.960482025e+01 3.000000000e+00 
5.055646896e+01 6.095183182e+01 3.000000000e+00 
-6.122278214e+00 4.843647003e+01 3.000000000e+00 
-1.274752045e+01 3.774623108e+01 3.000000000e+00 
6.501349926e+00 7.598546028e+00 3.000000000e+00 
-1.178236961e+01 3.530585098e+01 3.000000000e+00 
6.150922012e+01 7.686789703e+01 3.000000000e+00 
3.370037079e+01 7.636534882e+01 3.000000000e+00 
4.155677032e+01 5.020280075e+01 3.000000000e+00 
-4.088436961e-01 9.085539818e+00 3.000000000e+00 
-1.574448013e+01 3.174819946e+01 3.000000000e+00 
-1.871850014e+00 1.657224083e+01 3.000000000e+00 
5.459008813e-01 1.544112015e+01 3.000000000e+00 
-1.885910034e+01 3.303899002e+01 3.000000000e+00 
3.431567001e+01 -4.651111984e+01 3.000000000e+00 
-6.913383961e+00 1.001568031e+01 3.000000000e+00 
-2.288569069e+01 3.656982040e+01 3.000000000e+00 
2.668343925e+01 -3.322306061e+01 3.000000000e+00 
-8.278017044e+00 1.091611958e+01 3.000000000e+00 
2.907444954e+01 -4.704520035e+01 3.000000000e+00 
2.855187988e+01 -4.076369095e+01 3.000000000e+00 
-6.888273621e+01 3.850003815e+01 3.000000000e+00 
2.688007927e+01 -4.334217834e+01 3.000000000e+00 
2.512323952e+01 -3.248683929e+01 3.000000000e+00 
1.786359978e+01 -3.217116165e+01 3.000000000e+00 
-1.103604031e+01 7.334745884e+00 3.000000000e+00 
-1.576239014e+01 1.244635010e+01 3.000000000e+00 
2.850101089e+01 -3.956192017e+01 3.000000000e+00 
-6.540474701e+01 3.613401031e+01 3.000000000e+00 
-1.205683994e+01 1.090851021e+01 3.000000000e+00 
2.077437019e+01 -2.414970970e+01 3.000000000e+00 
-1.657262993e+01 9.928564072e+00 3.000000000e+00 
3.743633986e+00 -3.609783173e+01 3.000000000e+00 
3.202187061e+00 -3.783837891e+01 3.000000000e+00 
-7.305651855e+01 3.860525894e+01 3.000000000e+00 
-6.953986359e+01 3.357339096e+01 3.000000000e+00 
-5.999509048e+01 4.723662949e+01 3.000000000e+00 
-4.316117096e+01 2.655417061e+01 3.000000000e+00 
-6.001435852e+01 4.720278931e+01 3.000000000e+00 
-6.075989914e+01 3.736660004e+01 3.000000000e+00 
7.713000774e+00 -2.735343933e+01 3.000000000e+00 
-6.638201904e+01 4.499895096e+01 3.000000000e+00 
-7.572543335e+01 3.368004990e+01 3.000000000e+00 
4.545901775e+00 -2.369576073e+01 3.000000000e+00 
-6.575420380e+01 4.347108078e+01 3.000000000e+00 
-1.626689911e+01 2.999160957e+01 3.000000000e+00 
-4.298701096e+01 3.136294937e+01 3.000000000e+00 
-5.840581894e+01 4.382244873e+01 3.000000000e+00 
7.225656033e+00 -3.008263016e+01 3.000000000e+00 
-7.127809906e+01 3.472101974e+01 3.000000000e+00 
-5.615372086e+01 2.639495087e+01 3.000000000e+00 
-7.802517700e+01 3.305936813e+01 3.000000000e+00 
-3.267258072e+01 2.718503952e+01 3.000000000e+00 
-3.865441895e+01 1.467879009e+01 3.000000000e+00 
-4.419784164e+01 2.891608047e+01 3.000000000e+00 
-3.152116966e+01 3.688238144e+01 3.000000000e+00 
-4.769773865e+01 2.067997932e+01 3.000000000e+00 
-5.354661179e+01 5.159838867e+01 3.000000000e+00 
-3.837915039e+01 1.694298935e+01 3.000000000e+00 
-4.374169922e+01 -5.562745094e+00 3.000000000e+00 
-5.388616943e+01 2.447349930e+01 3.000000000e+00 
-5.751388931e+01 3.952207184e+01 3.000000000e+00 
-4.625307083e+01 3.562879944e+01 3.000000000e+00 
-5.545236969e+01 -1.798014045e+00 3.000000000e+00 
-5.504182053e+01 1.759671974e+01 3.000000000e+00 
-7.270371246e+01 4.818262863e+01 3.000000000e+00 
-4.584093094e+01 -3.177362919e+00 3.000000000e+00 
-3.801520920e+01 3.081805992e+01 3.000000000e+00 
-7.000379944e+01 4.736915970e+01 3.000000000e+00 
-5.141968155e+01 5.099636078e+01 3.000000000e+00 
-3.886386871e+01 4.205004883e+01 3.000000000e+00 
-5.158277130e+01 1.123956966e+01 3.000000000e+00 
-7.036292267e+01 4.779113007e+01 3.000000000e+00 
-6.047734833e+01 7.273952007e+00 3.000000000e+00 
-7.230751801e+01 4.930123138e+01 3.000000000e+00 
-6.730001831e+01 5.212306976e+01 3.000000000e+00 
-7.243511200e+01 4.998839951e+01 3.000000000e+00 
-4.948403168e+01 4.780693054e+01 3.000000000e+00 
-4.950914001e+01 4.434141922e+01 3.000000000e+00 
-5.270803070e+01 4.081443024e+01 3.000000000e+00 
2.718437958e+01 9.560635567e+00 4.000000000e+00 
2.917983055e+01 2.127459908e+01 4.000000000e+00 
1.144873047e+01 8.976256371e+00 4.000000000e+00 
2.970134926e+01 1.041678047e+01 4.000000000e+00 
3.138381004e+01 1.472918987e+01 4.000000000e+00 
1.088934994e+01 2.413480043e+00 4.000000000e+00 
6.211061096e+01 -3.366518021e+01 4.000000000e+00 
2.224995995e+01 3.403877020e+00 4.000000000e+00 
7.033141327e+01 -3.538959885e+01 4.000000000e+00 
5.825666046e+01 -3.298453140e+01 4.000000000e+00 
5.643219948e+00 4.098709869e+01 5.000000000e+00 
7.078240204e+01 3.004376984e+01 5.000000000e+00 
-6.068655252e-01 3.717562866e+01 5.000000000e+00 
1.870696068e+01 4.484209824e+01 5.000000000e+00 
2.417279053e+01 4.370853043e+01 5.000000000e+00 
2.601829910e+01 4.043395996e+01 5.000000000e+00 
3.568917036e+00 4.490719986e+01 5.000000000e+00 
2.149571037e+01 4.120655823e+01 5.000000000e+00 
3.416313934e+01 4.247584915e+01 5.000000000e+00 
7.761148071e+01 2.393899918e+01 5.000000000e+00 
7.617957306e+01 3.914662933e+01 5.000000000e+00 
-1.744804978e+00 4.353654099e+01 5.000000000e+00 
8.804212570e+00 2.215991020e+01 5.000000000e+00 
1.268912983e+01 2.218551064e+01 5.000000000e+00 
3.653940964e+01 4.311116028e+01 5.000000000e+00 
2.422787094e+01 4.707455063e+01 5.000000000e+00 
2.027885056e+01 3.092007065e+01 5.000000000e+00 
7.623487091e+01 5.199705887e+01 5.000000000e+00 
2.526020050e+01 3.769937134e+01 5.000000000e+00 
7.586557007e+01 4.042345810e+01 5.000000000e+00 
-6.510889053e+00 3.020822906e+01 5.000000000e+00 
5.900389194e+00 4.323915100e+01 5.000000000e+00 
-5.734265804e+00 3.512099838e+01 5.000000000e+00 
5.903647995e+01 1.390023994e+01 5.000000000e+00 
2.684452057e+01 5.860574245e-01 5.000000000e+00 
4.144675827e+01 5.759178162e+00 5.000000000e+00 
1.034167957e+01 1.979491997e+01 5.000000000e+00 
4.267422104e+01 8.228433609e+00 5.000000000e+00 
6.728784084e+00 1.760083008e+01 5.000000000e+00 
3.308567047e+01 3.657938004e+01 5.000000000e+00 
-2.602444887e+00 3.391841888e+01 5.000000000e+00 
4.781335831e+01 2.005614996e+00 5.000000000e+00 
2.631489944e+01 2.962492943e+01 5.000000000e+00 
4.057567978e+01 1.490774035e+00 5.000000000e+00 
7.020165253e+01 2.061202049e+01 5.000000000e+00 
6.125878143e+01 -5.165768266e-01 5.000000000e+00 
7.091619873e+01 -1.447587967e+01 5.000000000e+00 
3.524214935e+01 5.992407799e-01 5.000000000e+00 
7.738996887e+01 2.222405052e+01 5.000000000e+00 
3.571789169e+01 2.116745949e+01 5.000000000e+00 
4.770705032e+01 -1.012948036e+00 5.000000000e+00 
2.734619081e-01 2.242757034e+01 5.000000000e+00 
5.501179886e+01 -6.569246769e+00 5.000000000e+00 
3.923199081e+01 4.655620956e+01 5.000000000e+00 
2.614171028e+01 4.915835953e+01 5.000000000e+00 
1.478827953e+01 -9.048085809e-01 5.000000000e+00 
3.791598129e+01 2.018063927e+01 5.000000000e+00 
5.904726028e+01 -4.289431000e+01 5.000000000e+00 
4.809471893e+01 -5.184617996e+00 5.000000000e+00 
2.704945946e+01 -8.262038231e+00 5.000000000e+00 
4.666107178e+01 -9.014903069e+00 5.000000000e+00 
4.575085831e+01 -6.700125217e+00 5.000000000e+00 
3.746466064e+01 3.039966011e+01 5.000000000e+00 
3.227988815e+01 -1.267343998e+01 5.000000000e+00 
7.598893166e+00 -4.073635042e-01 5.000000000e+00 
2.779899979e+01 -6.057182789e+00 5.000000000e+00 
2.014612961e+01 -7.108882904e+00 5.000000000e+00 
2.150205994e+01 -7.723320961e+00 5.000000000e+00 
2.168888092e+01 -9.452115059e+00 5.000000000e+00 
2.544701958e+01 -1.049195957e+01 5.000000000e+00 
3.471138000e+01 -1.431803989e+01 5.000000000e+00 
4.681888962e+01 -4.390069962e+01 5.000000000e+00 
4.917446899e+01 -2.377498055e+01 5.000000000e+00 
4.748534012e+01 -3.663964081e+01 5.000000000e+00 
2.960658073e+01 -2.212598038e+01 5.000000000e+00 
2.865547943e+01 -1.928619003e+01 5.000000000e+00 
3.453442001e+01 -1.469987011e+01 5.000000000e+00 
5.349623871e+01 -2.305611038e+01 5.000000000e+00 
3.717113113e+01 -4.059951019e+01 5.000000000e+00 
2.099225044e+01 -1.829335976e+01 5.000000000e+00 
6.736023712e+01 -2.379578972e+01 5.000000000e+00 
6.467076111e+01 -8.765555382e+00 5.000000000e+00 
3.056916046e+01 -1.980784035e+01 5.000000000e+00 
1.756274033e+01 -1.879022026e+01 5.000000000e+00 
2.030908012e+01 -1.959621048e+01 5.000000000e+00 
3.611294174e+01 -1.617815971e+01 5.000000000e+00 
3.861439133e+01 -1.335743046e+01 5.000000000e+00 
4.759986115e+01 -3.474132919e+01 5.000000000e+00 
4.886325836e+01 -2.195881081e+01 5.000000000e+00 
5.525912857e+01 -1.408745003e+01 5.000000000e+00 
4.242615128e+01 -2.793943024e+01 5.000000000e+00 
6.311761093e+01 -1.807156944e+01 5.000000000e+00 
2.596117020e+01 -1.984613991e+01 5.000000000e+00 
3.682801819e+01 -2.694389915e+01 5.000000000e+00 
3.331811905e+01 -1.105047035e+01 5.000000000e+00 
3.727669144e+01 -3.417879105e+01 5.000000000e+00 
4.405347061e+01 -1.209193039e+01 5.000000000e+00 
-3.612596035e+00 -3.417872906e+00 5.000000000e+00 
1.341454983e+01 -1.316259003e+01 5.000000000e+00 
1.784807968e+01 -3.865772009e+00 5.000000000e+00 
4.135092163e+01 -1.299563980e+01 5.000000000e+00 
3.489455938e+00 -1.288976955e+01 5.000000000e+00 
6.380832195e+00 -1.068784046e+01 5.000000000e+00 
3.561307144e+01 -1.834305954e+01 5.000000000e+00 
4.153474045e+01 -3.053516006e+01 5.000000000e+00 
-2.969222069e+00 -7.518240929e+00 5.000000000e+00 
1.064997959e+01 -1.877078056e+01 5.000000000e+00 
-5.093491077e+00 -5.558063889e+01 5.000000000e+00 
8.581328392e+00 -1.694956017e+01 5.000000000e+00 
-4.170877934e+00 -3.252104187e+01 5.000000000e+00 
-5.525887012e+00 -2.973088074e+01 5.000000000e+00 
-1.464305043e+00 -4.358692169e+01 5.000000000e+00 
-1.141588974e+01 -3.946271896e+01 5.000000000e+00 
-8.756922722e+00 -3.819364166e+01 5.000000000e+00 
-2.689555883e+00 -2.210353088e+01 5.000000000e+00 
-6.184239864e+00 -2.839884949e+01 5.000000000e+00 
-6.330591202e+00 -1.968594933e+01 5.000000000e+00 
-2.943209887e+00 -1.869565964e+01 5.000000000e+00 
6.584459686e+01 9.816488266e+00 1.000000000e+00 
4.620875835e+00 3.733707047e+01 1.000000000e+00 
9.071099281e+00 4.039477158e+01 1.000000000e+00 
-4.016638947e+01 -7.073561859e+01 1.000000000e+00 
6.613831329e+01 1.439369965e+01 1.000000000e+00 
6.098403931e+01 -7.149804115e+00 1.000000000e+00 
-2.642840004e+01 -7.023845673e+01 1.000000000e+00 
-4.433842087e+01 -6.492812347e+01 1.000000000e+00 
5.811449814e+01 -3.691014099e+01 1.000000000e+00 
-2.193398094e+01 -7.246295929e+01 1.000000000e+00 
5.486412048e+01 -3.418161011e+01 1.000000000e+00 
6.888471222e+01 -3.951396179e+01 1.000000000e+00 
-9.800295830e+00 2.382822037e+00 1.000000000e+00 
3.888219967e-02 -1.122780991e+01 1.000000000e+00 
-7.039171219e+00 2.420329094e+00 1.000000000e+00 
-2.159860039e+01 -7.027748871e+01 1.000000000e+00 
-7.147069931e+00 -3.774739981e+00 1.000000000e+00 
-4.104026031e+01 -6.236463165e+01 1.000000000e+00 
-3.180668068e+01 -6.839618683e+01 1.000000000e+00 
-7.474449158e+00 -5.666253090e+00 1.000000000e+00 
-1.306542969e+01 -5.754162979e+01 1.000000000e+00 
-1.020170021e+01 -1.021173000e+00 1.000000000e+00 
-3.910036087e+01 -6.494744110e+01 1.000000000e+00 
-2.239756012e+01 -6.737670135e+01 1.000000000e+00 
-9.798088074e+00 -5.803564072e+01 1.000000000e+00 
-1.099524021e+01 -2.530987024e+00 1.000000000e+00 
-1.519449043e+01 -5.877070999e+01 1.000000000e+00 
-3.667842102e+01 -6.555342102e+01 1.000000000e+00 
-1.802875996e+00 -1.295322990e+01 1.000000000e+00 
-1.663566017e+01 -4.705047989e+01 1.000000000e+00 
-2.350929070e+01 2.334457970e+01 1.000000000e+00 
-7.561242104e+00 -1.247953033e+01 1.000000000e+00 
-1.317516994e+01 -5.236011124e+01 1.000000000e+00 
-2.548372078e+01 -4.882086182e+01 1.000000000e+00 
-6.665641785e+01 1.968914986e+01 1.000000000e+00 
-6.400798798e+01 2.785977936e+01 1.000000000e+00 
-2.481526947e+01 -5.168035889e+01 1.000000000e+00 
-2.599239922e+01 -6.936235809e+01 1.000000000e+00 
-1.669499969e+01 -2.343524933e+01 1.000000000e+00 
-1.776836014e+01 -6.954409027e+01 1.000000000e+00 
-1.354897022e+01 -6.447548866e+00 1.000000000e+00 
-3.339641953e+01 -5.719664001e+01 1.000000000e+00 
-3.001524925e+01 -4.749068832e+01 1.000000000e+00 
-2.047323036e+01 -5.502408981e+01 1.000000000e+00 
-1.784369087e+01 4.665642977e-01 1.000000000e+00 
-3.661050034e+01 -5.913388062e+01 1.000000000e+00 
-9.875867844e+00 -1.851335907e+01 1.000000000e+00 
-3.310351944e+01 -5.210581970e+01 1.000000000e+00 
-7.750698924e-01 -1.410227966e+01 1.000000000e+00 
-1.450778008e+01 -2.387291908e+01 1.000000000e+00 
-3.423390961e+01 -5.277368164e+01 1.000000000e+00 
-1.867827034e+01 -1.557271957e+01 1.000000000e+00 
-3.113526917e+01 -6.539114380e+01 1.000000000e+00 
-2.438038063e+01 -6.187936020e+01 1.000000000e+00 
-1.888817978e+01 -6.232532120e+01 1.000000000e+00 
-2.740493011e+01 -6.349190903e+01 1.000000000e+00 
-2.675128937e+01 -5.652978897e+01 1.000000000e+00 
-1.585081005e+01 -1.514933014e+01 1.000000000e+00 
-4.114654922e+01 -5.647071075e+01 1.000000000e+00 
-1.689640999e+01 -9.592823029e+00 1.000000000e+00 
-2.064200974e+01 -6.530568695e+01 1.000000000e+00 
-2.174047089e+01 -4.653367996e+01 1.000000000e+00 
-2.315695953e+01 -6.490924835e+01 1.000000000e+00 
-7.796558380e+01 3.172632027e+01 1.000000000e+00 
-4.458974838e+01 -4.753781891e+01 1.000000000e+00 
-3.637406158e+01 1.744268036e+01 1.000000000e+00 
-3.423390961e+01 -5.277368164e+01 1.000000000e+00 
-1.776646996e+01 -3.771031189e+01 1.000000000e+00 
-2.636755943e+01 -4.548458099e+01 1.000000000e+00 
-1.396922016e+01 -2.971627998e+01 1.000000000e+00 
-1.876683044e+01 -7.455966949e+00 1.000000000e+00 
-2.514075089e+01 -2.899817085e+01 1.000000000e+00 
-2.704610062e+01 -1.605849075e+01 1.000000000e+00 
-3.679729080e+01 -5.203739166e+01 1.000000000e+00 
-2.498476982e+01 -2.152771950e+01 1.000000000e+00 
-3.487514114e+01 1.222200966e+01 1.000000000e+00 
-1.201264000e+01 -2.383484077e+01 1.000000000e+00 
-1.782827950e+01 -9.372552872e+00 1.000000000e+00 
-2.071775055e+01 -4.934631824e+00 1.000000000e+00 
-2.016713905e+01 -1.634433937e+01 1.000000000e+00 
-2.157924080e+01 -1.686001968e+01 1.000000000e+00 
-3.842583084e+01 -4.789550018e+01 1.000000000e+00 
-2.215431023e+01 -6.097431779e-01 1.000000000e+00 
-2.171867943e+01 -2.936325073e+01 1.000000000e+00 
-3.353063965e+01 1.807632065e+01 1.000000000e+00 
-1.760601997e+01 -2.849053955e+01 1.000000000e+00 
-4.683047104e+01 -4.676956940e+01 1.000000000e+00 
-3.710910034e+01 -5.408317184e+01 1.000000000e+00 
-1.929194069e+01 -1.215880966e+01 1.000000000e+00 
-2.197834969e+01 -3.180665970e+01 1.000000000e+00 
-4.237652969e+01 -4.742411041e+01 1.000000000e+00 
-2.088088989e+01 -3.566522980e+01 1.000000000e+00 
-5.244293976e+01 -4.411503983e+01 1.000000000e+00 
-4.730081177e+01 -4.794084167e+01 1.000000000e+00 
-4.045872879e+01 -4.885636902e+01 1.000000000e+00 
-3.648942184e+01 9.115393639e+00 1.000000000e+00 
-3.217678070e+01 -1.965829086e+01 1.000000000e+00 
-2.919706917e+01 -4.253567123e+01 1.000000000e+00 
-4.559888840e+01 -4.035224152e+01 1.000000000e+00 
-2.878108978e+01 -4.114397049e+01 1.000000000e+00 
-5.270048904e+01 -4.162305069e+01 1.000000000e+00 
-3.078705025e+01 -2.528132057e+01 1.000000000e+00 
-3.282247925e+01 8.172496796e+00 1.000000000e+00 
-5.655936813e+01 -4.642869949e+01 1.000000000e+00 
-5.541024017e+01 -4.064093018e+01 1.000000000e+00 
-4.832878876e+01 -4.716156006e+01 1.000000000e+00 
-3.535932922e+01 -4.865975189e+01 1.000000000e+00 
-3.178729057e+01 -4.132028961e+01 1.000000000e+00 
-5.313764954e+01 -4.039575958e+01 1.000000000e+00 
-3.394977188e+01 2.118094921e+00 1.000000000e+00 
-3.025822067e+01 -2.639069939e+01 1.000000000e+00 
-3.479597855e+01 -7.668906212e+00 1.000000000e+00 
-2.794449997e+01 -8.312144876e-01 1.000000000e+00 
-3.829636002e+01 6.042024136e+00 1.000000000e+00 
-3.160677910e+01 -2.407955933e+01 1.000000000e+00 
-3.672560883e+01 -1.184078026e+01 1.000000000e+00 
-3.382778931e+01 -7.342717171e+00 1.000000000e+00 
-3.705659103e+01 -4.302894974e+01 1.000000000e+00 
-3.773101044e+01 -1.481873035e+01 1.000000000e+00 
-2.855084038e+01 -2.742885971e+01 1.000000000e+00 
-6.055699921e+01 9.044066429e+00 1.000000000e+00 
-3.109950066e+01 -3.410391998e+01 1.000000000e+00 
-3.190358925e+01 -1.658223987e+00 1.000000000e+00 
-4.226844025e+01 -9.902057648e+00 1.000000000e+00 
-4.222566986e+01 -1.960552025e+01 1.000000000e+00 
-5.309495926e+01 -1.709444046e+01 1.000000000e+00 
-6.288431931e+01 1.453211021e+01 1.000000000e+00 
-4.268336105e+01 -2.949806976e+01 1.000000000e+00 
-2.879257011e+01 -2.055933952e+00 1.000000000e+00 
-3.525785828e+01 -5.462878227e+00 1.000000000e+00 
-6.220244980e+01 1.299079990e+01 1.000000000e+00 
-5.248006821e+01 -1.475988960e+01 1.000000000e+00 
-2.888010979e+01 -3.724848986e+00 1.000000000e+00 
-4.629661179e+01 -3.371504974e+01 1.000000000e+00 
-4.629661179e+01 -3.371504974e+01 1.000000000e+00 
-3.934960175e+01 -2.832819939e+01 1.000000000e+00 
-4.496051025e+01 -2.338534927e+01 1.000000000e+00 
-4.037023163e+01 -1.678474045e+01 1.000000000e+00 
-4.022716904e+01 -8.030645370e+00 1.000000000e+00 
-4.830902100e+01 -1.720620918e+01 1.000000000e+00 
-5.476657867e+01 -1.657143974e+01 1.000000000e+00 
-5.546403122e+01 -6.029211998e+00 1.000000000e+00 
-4.302933884e+01 -3.197480965e+01 1.000000000e+00 
-5.382706070e+01 -3.366429901e+01 1.000000000e+00 
-4.957857895e+01 -1.811240959e+01 1.000000000e+00 
-5.963608932e+01 -2.741684914e+01 1.000000000e+00 
-3.206739044e+01 -6.435495853e+00 1.000000000e+00 
-2.994259071e+01 -4.690842152e+00 1.000000000e+00 
-4.705834961e+01 -3.483127975e+01 1.000000000e+00 
-4.234936905e+01 -3.700419998e+01 1.000000000e+00 
-5.713148880e+01 -3.512591934e+01 1.000000000e+00 
-4.073376083e+01 -2.210829926e+01 1.000000000e+00 
-5.961146164e+01 -1.646648979e+01 1.000000000e+00 
-4.625035858e+01 -3.035516930e+01 1.000000000e+00 
-6.042667007e+01 -1.634927940e+01 1.000000000e+00 
-4.998358917e+01 -3.184918022e+01 1.000000000e+00 
-5.600812149e+01 -2.683429909e+01 1.000000000e+00 
-5.763808823e+01 -3.304145813e+01 1.000000000e+00 
-4.173685837e+01 -2.482135010e+01 1.000000000e+00 
-5.802724075e+01 -3.611738968e+01 1.000000000e+00 
-5.788383102e+01 -2.513961983e+01 1.000000000e+00 
-5.670851898e+01 -3.667169952e+01 1.000000000e+00 
-6.300119019e+01 -8.809179306e+00 1.000000000e+00 
-5.901578903e+01 -3.574916077e+01 1.000000000e+00 
-5.594718933e+01 4.268380165e+00 1.000000000e+00 
-6.001705170e+01 -1.171368980e+01 1.000000000e+00 
-5.701763153e+01 9.471865654e+00 1.000000000e+00 
4.608089066e+01 2.315759087e+01 2.000000000e+00 
5.262255859e+01 1.940255928e+01 2.000000000e+00 
6.222254944e+01 3.366846085e+01 2.000000000e+00 
6.541607666e+01 3.851445007e+01 2.000000000e+00 
5.489754868e+01 4.212995148e+01 2.000000000e+00 
6.200151062e+01 3.640607071e+01 2.000000000e+00 
6.410397339e+01 4.009592056e+01 2.000000000e+00 
6.135461044e+01 6.073556900e+01 2.000000000e+00 
4.447880173e+01 4.311376190e+01 2.000000000e+00 
4.726036072e+01 1.981027031e+01 2.000000000e+00 
5.108670044e+01 2.382208061e+01 2.000000000e+00 
4.049195099e+01 2.748591995e+01 2.000000000e+00 
5.880089951e+01 3.224501038e+01 2.000000000e+00 
5.843453979e+01 3.439701080e+01 2.000000000e+00 
4.908242035e+01 4.885842133e+01 2.000000000e+00 
5.375204849e+01 2.470162010e+01 2.000000000e+00 
5.521598816e+01 2.997728920e+01 2.000000000e+00 
5.661249161e+01 3.422238922e+01 2.000000000e+00 
6.410397339e+01 4.009592056e+01 2.000000000e+00 
1.419371986e+01 6.480336761e+01 3.000000000e+00 
9.640628815e+00 6.185142899e+01 3.000000000e+00 
-7.297421932e+00 4.689810944e+01 3.000000000e+00 
1.937472916e+01 6.574205017e+01 3.000000000e+00 
1.528888988e+01 6.236510849e+01 3.000000000e+00 
-1.686772919e+01 4.014746857e+01 3.000000000e+00 
-3.256805897e+00 4.742572021e+01 3.000000000e+00 
-1.144843960e+01 4.349161148e+01 3.000000000e+00 
4.880242920e+01 5.243247986e+01 3.000000000e+00 
-8.770657539e+00 3.671154022e+01 3.000000000e+00 
6.195244980e+01 5.327318954e+01 3.000000000e+00 
2.244046974e+01 6.437835693e+01 3.000000000e+00 
-1.150006008e+01 3.159794998e+01 3.000000000e+00 
-1.319598961e+01 3.699499893e+01 3.000000000e+00 
2.962291908e+01 7.754926300e+01 3.000000000e+00 
5.421437073e+01 7.565959167e+01 3.000000000e+00 
1.365455985e+00 1.854364967e+01 3.000000000e+00 
7.808939362e+01 7.955718994e+01 3.000000000e+00 
-2.284060001e+00 2.268667030e+01 3.000000000e+00 
-4.409578800e+00 1.951194000e+01 3.000000000e+00 
-3.883371130e-02 1.712087059e+01 3.000000000e+00 
-4.813477993e+00 1.343669033e+01 3.000000000e+00 
-3.235136986e+00 1.359986019e+01 3.000000000e+00 
-1.849831009e+01 4.138032913e+01 3.000000000e+00 
-1.619808960e+01 2.677791023e+01 3.000000000e+00 
-5.868659973e+00 1.592201996e+01 3.000000000e+00 
-6.566625118e+00 1.298239040e+01 3.000000000e+00 
4.356987000e+01 -4.749623108e+01 3.000000000e+00 
3.609555817e+01 -4.803599167e+01 3.000000000e+00 
3.380102158e+01 -5.138838959e+01 3.000000000e+00 
1.892238998e+01 -5.338468933e+01 3.000000000e+00 
2.244046974e+01 6.437835693e+01 3.000000000e+00 
-1.854906082e+01 2.849019051e+01 3.000000000e+00 
-1.346179008e+01 1.184057045e+01 3.000000000e+00 
-8.438329697e+00 1.352875042e+01 3.000000000e+00 
4.242570877e+01 -4.619532013e+01 3.000000000e+00 
2.165397072e+01 -3.094951057e+01 3.000000000e+00 
2.886977005e+01 -2.911385918e+01 3.000000000e+00 
2.340263939e+01 -2.879939079e+01 3.000000000e+00 
2.667617035e+01 -3.100477982e+01 3.000000000e+00 
-2.262602043e+01 3.103952980e+01 3.000000000e+00 
2.346763039e+01 -3.959933853e+01 3.000000000e+00 
3.328086090e+01 -3.123501968e+01 3.000000000e+00 
2.680448914e+01 -2.506752968e+01 3.000000000e+00 
2.178772926e+01 -4.454927826e+01 3.000000000e+00 
-1.786568069e+01 1.763929939e+01 3.000000000e+00 
1.821803093e+01 -3.556142044e+01 3.000000000e+00 
2.042600060e+01 -2.417975998e+01 3.000000000e+00 
1.379349995e+01 -3.041288948e+01 3.000000000e+00 
2.006567001e+01 -2.719728088e+01 3.000000000e+00 
-2.166115952e+01 2.490847969e+01 3.000000000e+00 
-2.166115952e+01 2.490847969e+01 3.000000000e+00 
-1.942791939e+01 1.307905960e+01 3.000000000e+00 
-1.934110001e-02 -3.707809830e+01 3.000000000e+00 
9.997192383e+00 -3.537953949e+01 3.000000000e+00 
1.965795994e+00 -4.273503876e+01 3.000000000e+00 
-6.478938293e+01 4.776644897e+01 3.000000000e+00 
1.079728007e+00 -4.042874146e+01 3.000000000e+00 
-2.666061974e+01 2.848621941e+01 3.000000000e+00 
-2.418545914e+01 2.590345955e+01 3.000000000e+00 
-7.196292877e+01 3.607917023e+01 3.000000000e+00 
-6.426264191e+01 5.111355972e+01 3.000000000e+00 
-6.272634888e+01 5.073918152e+01 3.000000000e+00 
-7.295085144e+01 3.398139954e+01 3.000000000e+00 
-4.067509842e+01 2.355934906e+01 3.000000000e+00 
-6.646179199e+01 4.659952927e+01 3.000000000e+00 
-5.965515900e+01 3.002453041e+01 3.000000000e+00 
2.199613094e+00 -3.641464996e+01 3.000000000e+00 
-6.062887955e+01 5.102738953e+01 3.000000000e+00 
-7.822786713e+01 3.605224991e+01 3.000000000e+00 
-6.593924713e+01 4.866778946e+01 3.000000000e+00 
-2.911816025e+01 2.756409073e+01 3.000000000e+00 
-2.901008034e+01 1.551817036e+01 3.000000000e+00 
-3.682080078e+01 1.986572075e+01 3.000000000e+00 
-2.695133972e+01 3.166875076e+01 3.000000000e+00 
-3.114895058e+01 3.362817001e+01 3.000000000e+00 
-2.525572968e+01 2.505452919e+01 3.000000000e+00 
-2.868025017e+01 2.270289040e+01 3.000000000e+00 
-3.519897079e+01 1.955386925e+01 3.000000000e+00 
-6.699078083e+00 9.951329231e+00 3.000000000e+00 
-5.133827972e+01 4.877016830e+01 3.000000000e+00 
-3.329230118e+01 3.228195190e+01 3.000000000e+00 
-4.990195847e+01 2.649222946e+01 3.000000000e+00 
-2.741521072e+01 9.075705528e+00 3.000000000e+00 
-2.721515083e+01 2.618008995e+01 3.000000000e+00 
-4.961919022e+01 1.164680004e+01 3.000000000e+00 
-2.636535072e+01 -3.496458817e+01 3.000000000e+00 
-4.769036865e+01 1.369791031e+01 3.000000000e+00 
-4.942136002e+01 -5.791978836e-01 3.000000000e+00 
-4.467023087e+01 1.159580994e+01 3.000000000e+00 
-5.162150955e+01 3.033926964e+01 3.000000000e+00 
-4.279964066e+01 6.971840858e+00 3.000000000e+00 
-5.200590134e+01 3.349066162e+01 3.000000000e+00 
-5.169480896e+01 1.265820980e+01 3.000000000e+00 
-5.280831146e+01 5.235884094e+01 3.000000000e+00 
-4.256267929e+01 1.956519961e+00 3.000000000e+00 
-5.845571899e+01 1.930463982e+01 3.000000000e+00 
-3.502820969e+01 2.872742081e+01 3.000000000e+00 
-4.272399902e+01 3.728929138e+01 3.000000000e+00 
-3.830546188e+01 2.782727051e+01 3.000000000e+00 
-4.200978088e+01 1.029596996e+01 3.000000000e+00 
-5.205776978e+01 3.664739990e+01 3.000000000e+00 
-4.711425018e+01 4.194664001e+01 3.000000000e+00 
-3.870793915e+01 3.702801895e+01 3.000000000e+00 
-5.453503036e+01 3.577581024e+01 3.000000000e+00 
-4.991600037e+01 5.183209991e+01 3.000000000e+00 
-4.104776001e+01 4.066236115e+01 3.000000000e+00 
-5.062358093e+01 8.831603050e+00 3.000000000e+00 
-6.934304047e+01 5.071931076e+01 3.000000000e+00 
-5.115351868e+01 5.412538052e+00 3.000000000e+00 
-5.142148972e+01 4.729695892e+01 3.000000000e+00 
-4.682508087e+01 4.459487152e+01 3.000000000e+00 
-7.023758698e+01 5.008354187e+01 3.000000000e+00 
-4.917903900e+01 4.669821930e+01 3.000000000e+00 
-7.161588287e+01 5.176934814e+01 3.000000000e+00 
2.569640923e+01 6.209196854e+01 4.000000000e+00 
3.591468811e+01 1.043978024e+01 4.000000000e+00 
2.069248009e+01 6.050342178e+01 4.000000000e+00 
1.964880943e+01 6.024431992e+01 4.000000000e+00 
2.300324059e+01 6.521268845e+00 4.000000000e+00 
1.985382080e+01 2.449841976e+00 4.000000000e+00 
3.444311905e+01 2.027066994e+01 4.000000000e+00 
2.177633095e+01 5.642425156e+01 4.000000000e+00 
2.199871063e+01 1.716987991e+01 4.000000000e+00 
2.925418091e+01 1.726170921e+01 4.000000000e+00 
1.853558922e+01 3.515111923e+00 4.000000000e+00 
2.194491005e+01 9.294676781e+00 4.000000000e+00 
6.250883102e+01 -3.579161072e+01 4.000000000e+00 
3.136965942e+01 -5.561507034e+01 4.000000000e+00 
6.529604340e+01 -3.519359970e+01 4.000000000e+00 
6.674829865e+01 -2.906167030e+01 4.000000000e+00 
6.303152847e+01 -3.107613945e+01 4.000000000e+00 
2.448468971e+01 -1.005867958e+00 5.000000000e+00 
3.586421967e+01 2.252663040e+01 5.000000000e+00 
1.550512028e+01 3.656589127e+01 5.000000000e+00 
3.418532944e+01 3.706050110e+01 5.000000000e+00 
2.063060951e+01 4.049100876e+01 5.000000000e+00 
2.608893013e+01 4.654278183e+01 5.000000000e+00 
1.831287003e+01 3.883671188e+01 5.000000000e+00 
3.350944138e+01 4.143479919e+01 5.000000000e+00 
2.440488052e+01 3.900651932e+01 5.000000000e+00 
1.700945091e+01 4.736595917e+01 5.000000000e+00 
5.017444992e+01 1.457750034e+01 5.000000000e+00 
7.428167725e+01 4.737443161e+01 5.000000000e+00 
2.097182083e+01 4.721924973e+01 5.000000000e+00 
1.004979038e+01 5.984523010e+01 5.000000000e+00 
7.221410370e+01 2.622315979e+01 5.000000000e+00 
5.189133835e+01 9.012195587e+00 5.000000000e+00 
5.679761171e-01 3.805530930e+01 5.000000000e+00 
7.052562237e-01 3.896741867e+01 5.000000000e+00 
1.246164989e+01 3.292930984e+01 5.000000000e+00 
-1.567002982e-01 4.402674103e+01 5.000000000e+00 
-3.920428038e+00 4.327463913e+01 5.000000000e+00 
2.863756943e+01 2.549119949e+01 5.000000000e+00 
1.696129990e+01 5.054014969e+01 5.000000000e+00 
6.544544220e+01 7.300726324e-02 5.000000000e+00 
7.877823639e+01 3.744385147e+01 5.000000000e+00 
5.754919815e+01 8.242440224e+00 5.000000000e+00 
6.973545074e+01 3.640377045e+01 5.000000000e+00 
-4.367498875e+00 3.880411911e+01 5.000000000e+00 
1.407528019e+01 3.634075165e+01 5.000000000e+00 
-4.366349220e+00 3.746728134e+01 5.000000000e+00 
-2.110188961e+00 2.686865044e+01 5.000000000e+00 
1.592611027e+01 4.599591827e+01 5.000000000e+00 
2.292543030e+01 3.233943939e+01 5.000000000e+00 
6.316608810e+01 1.679125977e+01 5.000000000e+00 
7.611741638e+01 3.110347939e+01 5.000000000e+00 
3.010828972e+00 2.975810051e+01 5.000000000e+00 
2.055586052e+01 2.209445000e+01 5.000000000e+00 
2.347694969e+01 5.015359116e+01 5.000000000e+00 
7.608319855e+01 1.842456055e+01 5.000000000e+00 
7.131368256e+01 1.642391968e+01 5.000000000e+00 
1.647743988e+01 1.657745934e+01 5.000000000e+00 
4.143758011e+01 7.014892101e+00 5.000000000e+00 
3.301433945e+01 3.462620926e+01 5.000000000e+00 
1.722891045e+01 4.844499969e+01 5.000000000e+00 
7.411109924e+01 1.699887085e+01 5.000000000e+00 
7.568441772e+01 7.454721928e+00 5.000000000e+00 
4.595404148e+00 3.089282036e+01 5.000000000e+00 
2.845037937e+00 4.775239944e+01 5.000000000e+00 
6.904696655e+01 4.914981842e+01 5.000000000e+00 
1.732941055e+01 2.615831947e+01 5.000000000e+00 
7.260604858e+01 5.954793930e+00 5.000000000e+00 
6.507177734e+01 7.281383991e+00 5.000000000e+00 
6.137126160e+01 1.355018997e+01 5.000000000e+00 
4.145529938e+01 9.172107697e+00 5.000000000e+00 
4.979806137e+01 1.200008011e+01 5.000000000e+00 
1.499378014e+01 2.921603966e+01 5.000000000e+00 
4.494112015e+00 4.876676941e+01 5.000000000e+00 
2.215599060e+00 4.399393082e+01 5.000000000e+00 
-1.875026941e+00 2.514938927e+01 5.000000000e+00 
5.076266098e+01 1.295851040e+01 5.000000000e+00 
1.517508984e+01 2.441390038e+01 5.000000000e+00 
2.133284950e+01 4.908288956e+01 5.000000000e+00 
7.741899109e+01 2.796470070e+01 5.000000000e+00 
7.434982300e+01 2.661529922e+01 5.000000000e+00 
8.876147270e+00 1.869811058e+01 5.000000000e+00 
7.608801270e+01 -6.230589151e-01 5.000000000e+00 
4.916366959e+01 1.087660027e+01 5.000000000e+00 
3.426486969e+01 2.565074921e+01 5.000000000e+00 
7.334845734e+01 1.956431961e+01 5.000000000e+00 
3.183304071e+00 2.394972038e+01 5.000000000e+00 
5.174252987e+00 2.313858032e+01 5.000000000e+00 
3.593882084e+00 2.469551086e+01 5.000000000e+00 
4.314061165e+00 2.187438011e+01 5.000000000e+00 
2.610080910e+01 1.847644997e+01 5.000000000e+00 
2.613876915e+01 2.582850075e+01 5.000000000e+00 
2.591093063e+01 2.330108070e+01 5.000000000e+00 
5.782403946e+01 1.866638947e+01 5.000000000e+00 
4.791056061e+01 1.430854034e+01 5.000000000e+00 
4.140539932e+01 3.404293060e+01 5.000000000e+00 
2.754253960e+01 2.890467072e+01 5.000000000e+00 
2.936314964e+01 2.931638908e+01 5.000000000e+00 
7.623236084e+01 1.538245964e+01 5.000000000e+00 
6.889437866e+01 4.078467941e+01 5.000000000e+00 
6.118262768e+00 4.510128021e+01 5.000000000e+00 
5.141833115e+01 4.639472008e+00 5.000000000e+00 
6.898152924e+01 -2.895510912e+00 5.000000000e+00 
4.254484940e+01 4.430965900e+00 5.000000000e+00 
3.442420959e+01 3.185092926e+01 5.000000000e+00 
5.129711151e+01 3.963935077e-01 5.000000000e+00 
1.813208961e+01 2.119754028e+01 5.000000000e+00 
3.937981033e+01 4.286159134e+01 5.000000000e+00 
2.779364014e+01 4.261080933e+01 5.000000000e+00 
4.657794952e+01 -3.312242985e+00 5.000000000e+00 
3.323052979e+01 -8.321114182e-01 5.000000000e+00 
5.185655975e+01 -3.810983896e+00 5.000000000e+00 
6.471885681e+01 -1.857015038e+01 5.000000000e+00 
4.321968079e+01 1.468786001e+00 5.000000000e+00 
3.227388000e+01 1.517902017e+00 5.000000000e+00 
6.072195053e+01 -3.988219833e+01 5.000000000e+00 
4.588859940e+01 -9.628122300e-02 5.000000000e+00 
4.530596924e+01 -4.358271122e+00 5.000000000e+00 
5.615074158e+01 -3.824773026e+01 5.000000000e+00 
1.999492073e+01 -1.094824028e+01 5.000000000e+00 
1.574281025e+01 -6.293075085e+00 5.000000000e+00 
3.240750885e+01 -7.909762859e+00 5.000000000e+00 
4.209820175e+01 -7.085536003e+00 5.000000000e+00 
5.010980988e+01 -7.574592113e+00 5.000000000e+00 
2.930122948e+01 -4.784780979e+00 5.000000000e+00 
4.239693069e+01 -3.823814011e+01 5.000000000e+00 
4.266999054e+01 -8.338332176e+00 5.000000000e+00 
3.882110977e+01 -9.202932358e+00 5.000000000e+00 
3.476871872e+01 3.077563095e+01 5.000000000e+00 
4.940113068e+01 -3.608837891e+01 5.000000000e+00 
2.487116051e+01 -5.369215965e+00 5.000000000e+00 
2.759226990e+01 4.885610962e+01 5.000000000e+00 
4.288317108e+01 -4.001274109e+01 5.000000000e+00 
3.324969864e+01 -1.261540985e+01 5.000000000e+00 
7.755478668e+01 -7.603318214e+00 5.000000000e+00 
4.999390030e+01 -2.696153069e+01 5.000000000e+00 
2.693995094e+01 -1.784236908e+01 5.000000000e+00 
1.253598976e+01 -7.949781895e+00 5.000000000e+00 
2.351623917e+01 -1.275181007e+01 5.000000000e+00 
4.919720840e+01 -1.947831917e+01 5.000000000e+00 
2.599608994e+01 -1.684984016e+01 5.000000000e+00 
5.421199036e+01 -3.201934052e+01 5.000000000e+00 
5.090695953e+01 -3.413977051e+01 5.000000000e+00 
9.572604179e+00 -4.867825031e+00 5.000000000e+00 
5.525347137e+01 -1.810697937e+01 5.000000000e+00 
1.983433914e+01 -2.493575096e+00 5.000000000e+00 
3.845717907e+00 -3.418045998e+00 5.000000000e+00 
7.627377319e+01 -2.035880089e+01 5.000000000e+00 
3.899996948e+01 -2.610290909e+01 5.000000000e+00 
5.659177017e+01 -2.137199020e+01 5.000000000e+00 
7.877782822e+00 -8.420657158e+00 5.000000000e+00 
3.035942078e+01 4.887437820e+01 5.000000000e+00 
4.432389069e+01 -3.410852814e+01 5.000000000e+00 
6.465779877e+01 -1.579454994e+01 5.000000000e+00 
4.176004028e+01 -2.205458069e+01 5.000000000e+00 
6.944847107e+01 -1.129238033e+01 5.000000000e+00 
5.320104980e+01 -3.080480957e+01 5.000000000e+00 
6.163246918e+01 -1.441604996e+01 5.000000000e+00 
1.983433914e+01 -2.493575096e+00 5.000000000e+00 
5.160280991e+01 -2.090452003e+01 5.000000000e+00 
5.367124939e+01 -1.936413956e+01 5.000000000e+00 
5.247951889e+01 -2.037141991e+01 5.000000000e+00 
6.551029205e+01 -1.580560017e+01 5.000000000e+00 
3.626338005e+00 -1.135659981e+01 5.000000000e+00 
2.974574089e+01 -1.824098969e+01 5.000000000e+00 
4.502093124e+01 -1.449573994e+01 5.000000000e+00 
7.636621094e+01 -2.319277000e+01 5.000000000e+00 
3.727294159e+01 -2.169972038e+01 5.000000000e+00 
4.028363037e+01 -1.550870991e+01 5.000000000e+00 
-1.377460003e+00 -9.021666527e+00 5.000000000e+00 
4.056423950e+01 -1.914569092e+01 5.000000000e+00 
4.711483002e+01 -3.090102959e+01 5.000000000e+00 
3.516613007e+01 -3.508237076e+01 5.000000000e+00 
4.808456039e+01 -1.232030010e+01 5.000000000e+00 
4.828063965e+01 -1.411139965e+01 5.000000000e+00 
3.584465027e+01 -2.118079948e+01 5.000000000e+00 
2.767400932e+01 -2.170179939e+01 5.000000000e+00 
5.170227051e+01 -1.123711967e+01 5.000000000e+00 
6.421351624e+01 -1.266082001e+01 5.000000000e+00 
2.991411018e+01 -2.572159958e+01 5.000000000e+00 
4.854998016e+01 -1.232478046e+01 5.000000000e+00 
5.983240128e+01 -1.420252037e+01 5.000000000e+00 
3.550798035e+01 -3.315139008e+01 5.000000000e+00 
3.034464073e+01 -2.171725082e+01 5.000000000e+00 
1.702173042e+01 -1.843713951e+01 5.000000000e+00 
-2.946419001e+00 -4.614163971e+01 5.000000000e+00 
-6.758724213e+00 -4.671231842e+01 5.000000000e+00 
6.278809071e+00 -1.474524021e+01 5.000000000e+00 
-1.600759983e+00 -3.888088989e+01 5.000000000e+00 
-6.836532116e+00 -3.195331001e+01 5.000000000e+00 
-1.349055004e+01 -4.952943039e+01 5.000000000e+00 
2.119525969e-01 -4.342827988e+01 5.000000000e+00 
-5.343904018e+00 -5.517300034e+01 5.000000000e+00 
-1.969490051e+00 -3.267723083e+01 5.000000000e+00 
-6.659861088e+00 -1.959226990e+01 5.000000000e+00 
5.227569103e+00 -1.936671066e+01 5.000000000e+00 
-6.074913025e+00 -2.312487984e+01 5.000000000e+00 
-1.114813995e+01 -2.983539009e+01 5.000000000e+00 
-9.558957100e+00 -2.223830032e+01 5.000000000e+00 
